((("labels" .
	 [1 0 0 0 0 0])
	("shape" .
	 [1 0 0 0 0])
	("data" .
	 [3 0 0 0])
	("true" .
	 [1 0 0 0])
	("options" .
	 [0 0 1 0 0 0 0])
	("prop" .
	 [1 0 0 0])
	("exit" .
	 [2 0 0 0])
	("e" .
	 [1])
	("process" .
	 [2 0 0 0 0 0 0])
	("app" .
	 [1 0 0])
	("__dirname" .
	 [0 0 1 0 1 0 0 0 0])
	("static" .
	 [1 0 0 1 0 0])
	("express" .
	 [1 0 1 0 0 0 0])
	("let" .
	 [2 0 0])
	("message" .
	 [0 0 2 0 0 0 0])
	("Student" .
	 [0 0 0 1 0 0 0])
	("create" .
	 [1 0 0 0 0 0])
	("observer" .
	 [1 0 0 0 0 0 0 0])
	("onNext" .
	 [0 0 1 0 0 0])
	("info" .
	 [1 0 0 0])
	("const" .
	 [1 0 0 0 0])
	("Rx" .
	 [1 0])
	("Observable" .
	 [0 0 1 0 0 0 0 0 0 0])))
